{
 "cells": [
  {
   "cell_type": "code",
   "execution_count": 2,
   "id": "541a58f1-0086-4483-9012-4a6424a4c0bc",
   "metadata": {},
   "outputs": [
    {
     "ename": "ModuleNotFoundError",
     "evalue": "No module named 'sqlalchemy'",
     "output_type": "error",
     "traceback": [
      "\u001b[0;31m---------------------------------------------------------------------------\u001b[0m",
      "\u001b[0;31mModuleNotFoundError\u001b[0m                       Traceback (most recent call last)",
      "\u001b[0;32m<timed exec>\u001b[0m in \u001b[0;36m<module>\u001b[0;34m\u001b[0m\n",
      "\u001b[0;31mModuleNotFoundError\u001b[0m: No module named 'sqlalchemy'"
     ]
    }
   ],
   "source": [
    "%%time\n",
    "import pandas as pd\n",
    "import numpy as np\n",
    "import matplotlib.pyplot as plt\n",
    "from sqlalchemy import create_engine, text\n",
    "\n",
    "class DatabaseUBCTG():\n",
    "    \n",
    "    # constructor\n",
    "    def __init__(self):\n",
    "        self.engine = create_engine('mysql+pymysql://admin:ubctgquant@ubctg.con7266gcvin.us-east-2.rds.amazonaws.com/ubctg')\n",
    "\n",
    "    def _get_universe_data(self, column, start , end ):\n",
    "        conn = self.engine.connect()\n",
    "        query = f\"SELECT * FROM ubctg.{column} WHERE Date >= '{start}' AND Date <= '{end}'\"\n",
    "        df = pd.read_sql(text(query), conn)\n",
    "        conn.close()\n",
    "        return df\n",
    "\n",
    "    def get_returns_universe(self, start = \"2000-01-01\", end = \"2022-12-31\"):\n",
    "        return self._get_universe_data('Returns', start, end)\n",
    "\n",
    "    # # returns a pandas dataframe with price data from \"start\" to \"end\" of all stocks in the universe\n",
    "    # def get_price_universe(self, start = \"2020-01-01\", end = \"2022-12-31\"):\n",
    "    #     return self._get_universe_data('Price', start, end)\n",
    "    \n",
    "\n",
    "    # # returns a pandas dataframe with volume data from \"start\" to \"end\" of all stocks in the universe\n",
    "    # def get_volume_universe(self, start, end):\n",
    "    #     return self._get_universe_data('Volume', start, end)\n",
    "\n",
    "    # # returns a pandas dataframe with marketcap data from \"start\" to \"end\" of all stocks in the universe\n",
    "    # def get_market_cap_universe(self, start, end):\n",
    "    #     return self._get_universe_data('DlyCap', start, end)\n",
    "\n",
    "    #  # returns a pandas dataframe with shares outstanding data from \"start\" to \"end\" of all stocks in the universe\n",
    "    # def get_shares_outstanding_universe(self, start, end):\n",
    "    #     return self._get_universe_data('ShrOut', start, end)\n",
    "\n"
   ]
  },
  {
   "cell_type": "code",
   "execution_count": 3,
   "id": "88828a78-c2a3-4719-a7cf-c4c8e25a26eb",
   "metadata": {},
   "outputs": [
    {
     "name": "stdout",
     "output_type": "stream",
     "text": [
      "[*********************100%***********************]  5 of 5 completed\n",
      "[*********************100%***********************]  2 of 2 completed\n",
      "STOCKS:\n",
      "                GME        MSFT        NVDA       SBUX        TSLA\n",
      "Date                                                             \n",
      "2021-01-04  4.3125  211.996613  130.840103  97.033073  243.256668\n",
      "2021-01-05  4.3425  212.201141  133.746063  97.353065  245.036667\n",
      "2021-01-06  4.5900  206.698898  125.861328  98.058922  251.993332\n",
      "2021-01-07  4.5200  212.580902  133.139938  97.268364  272.013336\n",
      "2021-01-08  4.4225  213.876129  132.468903  99.451843  293.339996\n",
      "\n",
      "FACTORS:\n",
      "                    QQQ         SPY\n",
      "Date                              \n",
      "2021-01-04  303.478271  352.767181\n",
      "2021-01-05  305.980103  355.196777\n",
      "2021-01-06  301.741608  357.320282\n",
      "2021-01-07  309.041351  362.629242\n",
      "2021-01-08  313.014954  364.695374\n",
      "\n",
      "Calculated F with shape (2, 5)\n",
      "Calculated A with shape (2, 2)\n",
      "Calculated F^-1 with shape (5, 2)\n",
      "Calculated B with shape (5, 5)\n",
      "\n",
      "Calculated PSI with shape (5, 5)\n",
      "\n",
      "Implied Variance-Covariance Matrix:\n",
      "[[ 1.64914904e-02  2.20596383e-06  5.08913377e-06  8.76715785e-07\n",
      "   5.37461618e-06]\n",
      " [ 1.12730689e-04  4.72314001e-04  2.42269702e-04  1.08986838e-04\n",
      "   2.05738308e-04]\n",
      " [ 8.17407832e-05  9.73705419e-05  1.37632224e-03  7.67344707e-05\n",
      "   1.49730823e-04]\n",
      " [ 1.80622696e-04  2.19346769e-04  3.88920839e-04  5.29731076e-04\n",
      "   3.29224900e-04]\n",
      " [-3.77970108e-05 -4.81447835e-05 -8.29419140e-05 -4.05570409e-05\n",
      "   1.41354482e-03]]\n",
      "using np-vcv matrix:\n",
      "[[ 6.06399264e+01 -2.46127853e-01 -1.80701634e-01 -3.63427003e-02\n",
      "  -1.67137874e-01]\n",
      " [-1.01580809e+01  2.37185228e+03 -2.99820462e+02 -4.60324843e+02\n",
      "  -2.06207479e+02]\n",
      " [-2.10334630e+00 -1.21507377e+02  7.70795104e+02 -8.99440786e+01\n",
      "  -4.30053067e+01]\n",
      " [-1.53679700e+01 -9.22152898e+02 -4.55337357e+02  2.11963385e+03\n",
      "  -3.11170487e+02]\n",
      " [ 7.11130184e-01  4.71899892e+01  2.19465727e+01  3.98588911e+01\n",
      "   6.88962075e+02]]\n",
      "PSI:\n",
      "[[0.01648878 0.         0.         0.         0.        ]\n",
      " [0.         0.00033608 0.         0.         0.        ]\n",
      " [0.         0.         0.00120163 0.         0.        ]\n",
      " [0.         0.         0.         0.00035336 0.        ]\n",
      " [0.         0.         0.         0.         0.00148156]]\n"
     ]
    }
   ],
   "source": [
    "import pandas as pd\n",
    "import numpy as np\n",
    "import yfinance as yf\n",
    "\n",
    "# Set the date range\n",
    "start_date = \"2021-01-01\"\n",
    "end_date = \"2022-12-31\"\n",
    "\n",
    "# Define the stock tickers\n",
    "tickers = [\"MSFT\", \"TSLA\", \"NVDA\", \"SBUX\", \"GME\"]\n",
    "N_S = len(tickers)\n",
    "# Download historical stock price data\n",
    "stocks_data = yf.download(tickers, start=start_date, end=end_date)['Adj Close']\n",
    "\n",
    "# Download historical data for the S&P 500 (SPY) and another ETF of your choice\n",
    "factor_tickers = [\"SPY\", \"QQQ\"]\n",
    "factors_data = yf.download(factor_tickers, start=start_date, end=end_date)['Adj Close']\n",
    "\n",
    "print(\"STOCKS:\\n\",stocks_data.head())\n",
    "print(\"\\nFACTORS:\\n\",factors_data.head())\n",
    "\n",
    "# Calculate daily returns\n",
    "returns = stocks_data.pct_change().dropna()\n",
    "factor_returns = factors_data.pct_change().dropna()\n",
    "\n",
    "# Combine stock returns and factor returns into a single DataFrame\n",
    "all_returns = pd.concat([returns, factor_returns], axis=1).dropna()\n",
    "\n",
    "# Estimate factor weights using a linear regression model\n",
    "# factor loadings\n",
    "F = np.linalg.lstsq(factor_returns.values, returns.values, rcond=None)[0]\n",
    "print(\"\\nCalculated F with shape\", np.shape(F))\n",
    "# Factor covariance matrix (A)\n",
    "A = np.cov(factor_returns, rowvar=False)\n",
    "print(\"Calculated A with shape\", np.shape(A))\n",
    "\n",
    "# Matrix B = F^-1 * A * F\n",
    "# factor weights inverse\n",
    "# Moore-Penrose pseudo-inverse, need to check this\n",
    "F_inv = np.linalg.pinv(F)\n",
    "print(\"Calculated F^-1 with shape\", np.shape(F_inv))\n",
    "B = F_inv @ A @ F\n",
    "print(\"Calculated B with shape\", np.shape(B))\n",
    "\n",
    "# Matrix PSI (diagonal matrix with standard deviations of stock returns)\n",
    "PSI = np.diag(returns.std())**2\n",
    "print(\"\\nCalculated PSI with shape\", np.shape(PSI))\n",
    "\n",
    "# Implied variance-covariance matrix\n",
    "SIGMA = B + PSI\n",
    "\n",
    "print(\"\\nImplied Variance-Covariance Matrix:\")\n",
    "print(SIGMA)\n",
    "print(\"using np-vcv matrix:\")\n",
    "print(np.linalg.inv(SIGMA))\n",
    "print(\"PSI:\")\n",
    "print(PSI)"
   ]
  },
  {
   "cell_type": "code",
   "execution_count": 4,
   "id": "77682333-ec8c-446e-ad61-4e13d83d2522",
   "metadata": {},
   "outputs": [
    {
     "name": "stdout",
     "output_type": "stream",
     "text": [
      "[[0.00027171 0.00019101]\n",
      " [0.00019101 0.00015028]]\n",
      "[[ 1.41920611  0.95043553  2.51974593  0.12859998  2.88877069]\n",
      " [-0.80941296  0.04629997 -1.02903933  0.88350359 -1.87736372]]\n"
     ]
    }
   ],
   "source": [
    "print(A)\n",
    "print(F)"
   ]
  },
  {
   "cell_type": "code",
   "execution_count": 5,
   "id": "3f525d27-1f4b-4afe-8cbd-b8f697dbf28f",
   "metadata": {},
   "outputs": [
    {
     "name": "stdout",
     "output_type": "stream",
     "text": [
      "[[ 6.06399264e+01 -2.46127853e-01 -1.80701634e-01 -3.63427003e-02\n",
      "  -1.67137874e-01]\n",
      " [-1.01580809e+01  2.37185228e+03 -2.99820462e+02 -4.60324843e+02\n",
      "  -2.06207479e+02]\n",
      " [-2.10334630e+00 -1.21507377e+02  7.70795104e+02 -8.99440786e+01\n",
      "  -4.30053067e+01]\n",
      " [-1.53679700e+01 -9.22152898e+02 -4.55337357e+02  2.11963385e+03\n",
      "  -3.11170487e+02]\n",
      " [ 7.11130184e-01  4.71899892e+01  2.19465727e+01  3.98588911e+01\n",
      "   6.88962075e+02]]\n",
      "\n",
      " [[ 6.06399264e+01 -2.46127853e-01 -1.80701634e-01 -3.63427003e-02\n",
      "  -1.67137874e-01]\n",
      " [-1.01580809e+01  2.37185228e+03 -2.99820462e+02 -4.60324843e+02\n",
      "  -2.06207479e+02]\n",
      " [-2.10334630e+00 -1.21507377e+02  7.70795104e+02 -8.99440786e+01\n",
      "  -4.30053067e+01]\n",
      " [-1.53679700e+01 -9.22152898e+02 -4.55337357e+02  2.11963385e+03\n",
      "  -3.11170487e+02]\n",
      " [ 7.11130184e-01  4.71899892e+01  2.19465727e+01  3.98588911e+01\n",
      "   6.88962075e+02]]\n"
     ]
    }
   ],
   "source": [
    "C = PSI.copy()\n",
    "C_inv = np.diag(1/np.diagonal(C))\n",
    "for i in range(0,N_S):\n",
    "    B_i = np.zeros_like(B)\n",
    "    B_i[i,:] = B[i,:]\n",
    "    # vvvv they have a typo in the worksheet, the line below is false:\n",
    "    #                  vvvvv this is not just the trace\n",
    "    # C_inv = C_inv - np.trace(B_i @ C_inv) * C_inv @ B_i @ C_inv\n",
    "    C_inv = C_inv - 1/(1+np.trace(B_i @ C_inv)) * C_inv @ B_i @ C_inv\n",
    "\n",
    "print(C_inv)\n",
    "print(\"\\n\",np.linalg.inv(SIGMA))\n"
   ]
  },
  {
   "cell_type": "markdown",
   "id": "53540dac-857d-4063-b1a9-040b2f283511",
   "metadata": {},
   "source": [
    "# My code\n"
   ]
  },
  {
   "cell_type": "markdown",
   "id": "ea0938d1-bf97-4a1d-b692-58bab118a89f",
   "metadata": {},
   "source": [
    "# we have the decomposition as $\\boldsymbol{C}_{r+1}=\\boldsymbol{K}+\\boldsymbol{B}_1+\\boldsymbol{B}_2+\\cdots+\\boldsymbol{B}_r=\\boldsymbol{C}_r+\\boldsymbol{B}_r$"
   ]
  },
  {
   "cell_type": "code",
   "execution_count": 95,
   "id": "f35325f3-5d32-4a20-a467-5f7307a4c4f9",
   "metadata": {},
   "outputs": [],
   "source": [
    "from numpy.linalg import matrix_rank"
   ]
  },
  {
   "cell_type": "code",
   "execution_count": 96,
   "id": "78473a9b-118c-4c55-ac6d-871575d5ea7e",
   "metadata": {},
   "outputs": [
    {
     "name": "stdout",
     "output_type": "stream",
     "text": [
      "Factor Loadings Matrix:\n",
      " [[ 1.41918852 -0.80938578]\n",
      " [ 0.95043771  0.04629623]\n",
      " [ 2.51974657 -1.02904177]\n",
      " [ 0.12859776  0.88350645]\n",
      " [ 2.88877961 -1.87737585]]\n",
      "Factor Var-Cov Matrix:\n",
      " [[0.00027171 0.00019101]\n",
      " [0.00019101 0.00015028]]\n"
     ]
    }
   ],
   "source": [
    "# betas and fac_vcv matrices\n",
    "betas = np.transpose(np.array(F))\n",
    "print(\"Factor Loadings Matrix:\\n\", betas)\n",
    "\n",
    "fac_vcv = np.array(A)\n",
    "print(\"Factor Var-Cov Matrix:\\n\", fac_vcv)"
   ]
  },
  {
   "cell_type": "code",
   "execution_count": 99,
   "id": "70a55ed2-8326-4e03-9334-d8b533c003b9",
   "metadata": {},
   "outputs": [
    {
     "name": "stdout",
     "output_type": "stream",
     "text": [
      "B_1:\n",
      "[[5.47248415e-04 3.66495024e-04 9.71630829e-04 4.95881418e-05\n",
      "  1.11393239e-03]\n",
      " [3.66495024e-04 2.45443567e-04 6.50706068e-04 3.32094287e-05\n",
      "  7.46006143e-04]\n",
      " [9.71630829e-04 6.50706068e-04 1.72511504e-03 8.80429546e-05\n",
      "  1.97776919e-03]\n",
      " [4.95881418e-05 3.32094287e-05 8.80429546e-05 4.49335939e-06\n",
      "  1.00937410e-04]\n",
      " [1.11393239e-03 7.46006143e-04 1.97776919e-03 1.00937410e-04\n",
      "  2.26742617e-03]]\n",
      "\n",
      "B_2:\n",
      "[[ 9.84492421e-05 -5.63121894e-06  1.25166991e-04 -1.07464874e-04\n",
      "   2.28353691e-04]\n",
      " [-5.63121894e-06  3.22101279e-07 -7.15945311e-06  6.14690598e-06\n",
      "  -1.30616509e-05]\n",
      " [ 1.25166991e-04 -7.15945311e-06  1.59135565e-04 -1.36629340e-04\n",
      "   2.90325694e-04]\n",
      " [-1.07464874e-04  6.14690598e-06 -1.36629340e-04  1.17306126e-04\n",
      "  -2.49265511e-04]\n",
      " [ 2.28353691e-04 -1.30616509e-05  2.90325694e-04 -2.49265511e-04\n",
      "   5.29667951e-04]]\n",
      "\n"
     ]
    }
   ],
   "source": [
    "def generate_B_matrices(betas, fac_vcv):\n",
    "    N = len(betas)\n",
    "    K = len(fac_vcv)\n",
    "    B_matrices = []\n",
    "\n",
    "    for k in range(K):\n",
    "        B = np.zeros((N, N))\n",
    "        for i in range(N):\n",
    "            for j in range(N):\n",
    "                B[i, j] = betas[i][k] * betas[j][k] * fac_vcv[k][k]\n",
    "        B_matrices.append(B)\n",
    "\n",
    "    return B_matrices\n",
    "\n",
    "B_matrices = generate_B_matrices(betas, fac_vcv)\n",
    "\n",
    "# Printing B matrices\n",
    "for i, B in enumerate(B_matrices):\n",
    "    print(f\"B_{i+1}:\")\n",
    "    print(B)\n",
    "    print()\n"
   ]
  },
  {
   "cell_type": "code",
   "execution_count": 100,
   "id": "a63c8666-7e7b-43ad-b99e-d038f4fae77c",
   "metadata": {},
   "outputs": [
    {
     "name": "stdout",
     "output_type": "stream",
     "text": [
      "Sum of B matrices:\n",
      "[[ 1.64914937e-02  2.21000513e-06  5.09627346e-06  8.79976265e-07\n",
      "   5.38065323e-06]\n",
      " [ 1.12730605e-04  4.72312955e-04  2.42268533e-04  1.08986325e-04\n",
      "   2.05737470e-04]\n",
      " [ 8.17407756e-05  9.73701815e-05  1.37632135e-03  7.67341990e-05\n",
      "   1.49730401e-04]\n",
      " [ 1.80623527e-04  2.19346819e-04  3.88920972e-04  5.29731105e-04\n",
      "   3.29225247e-04]\n",
      " [-3.77982687e-05 -4.81460179e-05 -8.29441247e-05 -4.05580550e-05\n",
      "   1.41354292e-03]]\n",
      "K\n",
      "[[-6.42979486e-04 -3.58653800e-04 -1.09170155e-03  5.87567086e-05\n",
      "  -1.33690543e-03]\n",
      " [-2.48133200e-04 -1.09536918e-04 -4.01278082e-04  6.96299900e-05\n",
      "  -5.27207022e-04]\n",
      " [-1.01505704e-03 -5.46176434e-04 -1.70955925e-03  1.25320584e-04\n",
      "  -2.11836448e-03]\n",
      " [ 2.38500259e-04  1.79990485e-04  4.37507357e-04  5.45701181e-05\n",
      "   4.77553349e-04]\n",
      " [-1.38008435e-03 -7.81090510e-04 -2.35103901e-03  1.07770047e-04\n",
      "  -2.86511278e-03]]\n"
     ]
    }
   ],
   "source": [
    "# Calculate the sum of B_matrices\n",
    "sum_B_matrices = np.zeros_like(B_matrices[0])  # Initialize the sum matrix\n",
    "\n",
    "for B in B_matrices:\n",
    "    sum_B_matrices += B\n",
    "print(\"Sum of B matrices:\")\n",
    "print(sum_B_matrices+K_matrix)\n",
    "K_matrix = SIGMA-sum_B_matrices\n",
    "print(\"K\")\n",
    "print(K_matrix)"
   ]
  },
  {
   "cell_type": "code",
   "execution_count": 87,
   "id": "6b18cb47-eeeb-4c29-a397-a16f2dca784e",
   "metadata": {},
   "outputs": [],
   "source": [
    "# betas and fac_vcv matrices\n",
    "K_matrix = SIGMA-sum_B_matrices"
   ]
  },
  {
   "cell_type": "code",
   "execution_count": 88,
   "id": "8d040049-baa8-4c97-a6a0-8c7a0192c0f9",
   "metadata": {},
   "outputs": [
    {
     "name": "stdout",
     "output_type": "stream",
     "text": [
      "C_1^-1:\n",
      "[[  59.82860607  -20.93356269  -18.78914269    5.76747929  -19.0757924 ]\n",
      " [ -15.68933723 2380.13389708 -397.72281221 -189.79195514 -348.35143658]\n",
      " [ -17.77196584 -492.06788233  417.03820153   66.94625487 -410.74549654]\n",
      " [  13.87933669   54.56287792  260.27620292 2267.65377731  350.00113998]\n",
      " [ -19.54056264 -482.42442094 -445.11181409  164.27074315  218.14771147]]\n",
      "\n",
      "C_2^-1:\n",
      "[[   64.34490867    39.49646065    74.18147998  -111.1955766\n",
      "     91.0316192 ]\n",
      " [  -41.16864388  2039.21008556  -922.22863381   470.07028907\n",
      "   -969.53667468]\n",
      " [   58.53557041   528.95896357  1987.87164462 -1909.26380487\n",
      "   1449.63146435]\n",
      " [ -235.9697363  -3288.52253007 -4883.00713295  8738.23683826\n",
      "  -5741.31672916]\n",
      " [   98.18057576  1092.73379472  1978.24386286 -2884.46742077\n",
      "   3088.18787343]]\n",
      "\n",
      "C_3^-1:\n",
      "[[ 6.06399205e+01 -2.46492269e-01 -1.80880171e-01 -3.66250549e-02\n",
      "  -1.67259538e-01]\n",
      " [-1.01581000e+01  2.37185638e+03 -2.99819840e+02 -4.60323916e+02\n",
      "  -2.06207162e+02]\n",
      " [-2.10334863e+00 -1.21507268e+02  7.70795393e+02 -8.99439260e+01\n",
      "  -4.30052574e+01]\n",
      " [-1.53680690e+01 -9.22155559e+02 -4.55338326e+02  2.11963273e+03\n",
      "  -3.11171293e+02]\n",
      " [ 7.11158136e-01  4.71913318e+01  2.19472247e+01  3.98599237e+01\n",
      "   6.88962519e+02]]\n",
      "\n"
     ]
    }
   ],
   "source": [
    "C = [K_matrix]  # C_1 = K\n",
    "C_inv = [np.linalg.inv(K_matrix)]  # Inverse of C_1 = K\n",
    " # List of B matrices\n",
    "\n",
    "for idx, B in enumerate(B_matrices):\n",
    "    C_r = C[-1] + B  # Calculate C_r+1\n",
    "    C.append(C_r)\n",
    " \n",
    "    k_r = np.trace((B@C_inv[-1]))  # Calculate tr(B_r * C_r_inverse)\n",
    "    C_inv_r = C_inv[-1] - C_inv[-1] @ B @ C_inv[-1] / (1 + k_r)  # Calculate inverse of C_(r+1)\n",
    "    C_inv.append(C_inv_r)\n",
    "\n",
    "# Print the  C inverse sequences\n",
    "\n",
    "for idx, C_inv_matrix in enumerate(C_inv):\n",
    "    print(f\"C_{idx+1}^-1:\\n{C_inv_matrix}\\n\")\n"
   ]
  },
  {
   "cell_type": "markdown",
   "id": "1279bd37-d9e3-4244-bd05-6c97f88c8439",
   "metadata": {},
   "source": [
    " $C_3=K+C1+C2(2 factors)$  \n"
   ]
  },
  {
   "cell_type": "markdown",
   "id": "a3fa8bae-85e7-4210-aca2-c48203537304",
   "metadata": {},
   "source": [
    " # The inverse of Var-Cov Matrix\n",
    " Thus, the inverse of var-cov of the N assets and K factors is $C_r=(K+B)^{-1}$ where r= #of factors+1"
   ]
  },
  {
   "cell_type": "code",
   "execution_count": 89,
   "id": "a06827df-cee2-4c72-9cc2-8f33b7c61e6d",
   "metadata": {},
   "outputs": [
    {
     "name": "stdout",
     "output_type": "stream",
     "text": [
      "inverse of Variance-Covariance Matrix:\n",
      "[[ 6.06399205e+01 -2.46492269e-01 -1.80880171e-01 -3.66250549e-02\n",
      "  -1.67259538e-01]\n",
      " [-1.01581000e+01  2.37185638e+03 -2.99819840e+02 -4.60323916e+02\n",
      "  -2.06207162e+02]\n",
      " [-2.10334863e+00 -1.21507268e+02  7.70795393e+02 -8.99439260e+01\n",
      "  -4.30052574e+01]\n",
      " [-1.53680690e+01 -9.22155559e+02 -4.55338326e+02  2.11963273e+03\n",
      "  -3.11171293e+02]\n",
      " [ 7.11158136e-01  4.71913318e+01  2.19472247e+01  3.98599237e+01\n",
      "   6.88962519e+02]]\n"
     ]
    }
   ],
   "source": [
    "print(\"inverse of Variance-Covariance Matrix:\")\n",
    "print(C_inv_matrix)"
   ]
  },
  {
   "cell_type": "code",
   "execution_count": null,
   "id": "2e0e97a1-0f37-4284-8e49-ff714cd9e882",
   "metadata": {},
   "outputs": [],
   "source": []
  }
 ],
 "metadata": {
  "kernelspec": {
   "display_name": "Python 3 (ipykernel)",
   "language": "python",
   "name": "python3"
  },
  "language_info": {
   "codemirror_mode": {
    "name": "ipython",
    "version": 3
   },
   "file_extension": ".py",
   "mimetype": "text/x-python",
   "name": "python",
   "nbconvert_exporter": "python",
   "pygments_lexer": "ipython3",
   "version": "3.10.12"
  }
 },
 "nbformat": 4,
 "nbformat_minor": 5
}
